1 2 3 -4 5 6 7 8  9 1 -2 -3 -4 -5 61 2 3 -4 5
6 7 8 9 1 -2 -3 -4 -5 61 2 3 -4 5 6 7 8 9 1 -2 -3 -4 -5 61 2 3 -4 5
6 7 8 9 1 -2 -3 -4 -5 61 2 3 -4 5
 6 7 8 9 1 -2 -3 -4 -5 61 2 3 -4 5
6 7 8 9 1 -2 -3 -4 -5 61 2 3 -4 5
6 7 8 9 1 -2 -3 -4 -5 61 2 3 -4 5 9 1 -2 -3 -4 -5 6
 2 4 6 8 2 4 6 8 2 4 6 8 2 4 6 82 4 6 8 2 4 6 8  2 4 6 8 4 6 8 2 4 6 8 2 4 6 8 2 4 6 8 2 4 6 8 2 4 6 8
 2 4 6 8 2 4 6 8 2 4 6 8 2 4 6 8 2 4 6 8
  2 4 6 8 2 4 6 8 2 4 6 8 2 4 6 8 2 4 6 8 2 4 6 8 2 4 6 8 2 4 6 8 2 4 6 8 2 4 6 82 4 6 8 2 4 6 8 2 4 6 8
  2 4 6 8 2 4 6 8 2 4 6 8 2 4 6 8 2 4 6 81 2 3 -4 5 6 7 8 9 1 -2 -3 -4 -5 6
